026704
137542
176117
176356
030356
154511
135006
155762
124030
153056
000715
154536
002455
173141
072654
076223
127515
001753
146571
071651
125452
001536
143300
173535
130421
037017
074006
144347
170012
160360
074605
156635
015217
173436
101477
127624
055530
067501
063705
135336
026244
050054
152474
011570
157075
065710
142701
105542
034406
061211
021161
043764
041342
157563
027453
016651
020533
016431
077704
035160
162222
107366
132114
160227
043613
136243
016351
021265
016473
162340
161327
030275
167530
062147
117046
